HIEROBJ  EWORLD                                             NONE                
ROOT                                                                            
1.0000000000000E+00 0.000000000000E+00  0.000000000000E+00  0.000000000000E+00  
0.000000000000E+00  1.0000000000000E+00 0.000000000000E+00  0.000000000000E+00  
0.000000000000E+00  0.000000000000E+00  1.0000000000000E+00 0.000000000000E+00  
0.000000000000E+00  0.000000000000E+00  0.000000000000E+00  1.0000000000000E+00 
HIEROBJ  EHIEROBJECT1                                       NONE                
BODYNCBF  WORLD                                   BODY1                         
1.0000000000000E+00 0.000000000000E+00  0.000000000000E+00  0.000000000000E+00  
0.000000000000E+00  1.0000000000000E+00 0.000000000000E+00  0.000000000000E+00  
0.000000000000E+00  0.000000000000E+00  1.0000000000000E+00 0.000000000000E+00  
0.000000000000E+00  0.000000000000E+00  0.000000000000E+00  1.0000000000000E+00 
HIEROBJ  EHIEROBJECT2                                       NONE                
CGTRIAD   HIEROBJECT1                                                           
9.9999684983464E-01 2.4310982562684E-03 -6.245655017699E-04 0.000000000000E+00  
1.6018922511520E-03 -4.265528681728E-01 9.0446121232187E-01 0.000000000000E+00  
1.9324238699963E-03 -9.044593636061E-01 -4.265554188182E-01 0.000000000000E+00  
-1.003876933200E-01 -1.214162947580E+00 -8.369143450400E-01 1.0000000000000E+00 
HIEROBJ  EHIEROBJECT3                                       NONE                
BODYNCBF  WORLD                                   BODY2                         
1.0000000000000E+00 0.000000000000E+00  0.000000000000E+00  0.000000000000E+00  
0.000000000000E+00  1.0000000000000E+00 0.000000000000E+00  0.000000000000E+00  
0.000000000000E+00  0.000000000000E+00  1.0000000000000E+00 0.000000000000E+00  
0.000000000000E+00  0.000000000000E+00  0.000000000000E+00  1.0000000000000E+00 
HIEROBJ  EHIEROBJECT4                                       NONE                
CGTRIAD   HIEROBJECT3                                                           
1.0000000000000E+00 0.000000000000E+00  0.000000000000E+00  0.000000000000E+00  
0.000000000000E+00  9.8106768105671E-01 1.9366518836900E-01 0.000000000000E+00  
0.000000000000E+00  -1.936651883690E-01 9.8106768105671E-01 0.000000000000E+00  
-3.000000000000E-01 5.5080872953000E+00 -2.313471800380E+00 1.0000000000000E+00 
HIEROBJ  EHIEROBJECT5                                       NONE                
BODYNCBF  WORLD                                   BODY3                         
1.0000000000000E+00 0.000000000000E+00  0.000000000000E+00  0.000000000000E+00  
0.000000000000E+00  1.0000000000000E+00 0.000000000000E+00  0.000000000000E+00  
0.000000000000E+00  0.000000000000E+00  1.0000000000000E+00 0.000000000000E+00  
0.000000000000E+00  0.000000000000E+00  0.000000000000E+00  1.0000000000000E+00 
HIEROBJ  EHIEROBJECT6                                       NONE                
CGTRIAD   HIEROBJECT5                                                           
9.9901480820247E-01 1.0235001620089E-02 4.3181682852998E-02 0.000000000000E+00  
2.5645684306720E-12 9.7304105385234E-01 -2.306319741882E-01 0.000000000000E+00  
-4.437806881986E-02 2.3040475745905E-01 9.7208242178740E-01 0.000000000000E+00  
-1.202395588100E-01 6.1347665572200E+00 -6.862079488300E+00 1.0000000000000E+00 
HIEROBJ  EHIEROBJECT7                                       NONE                
BODYNCBF  WORLD                                   BODY4                         
1.0000000000000E+00 0.000000000000E+00  0.000000000000E+00  0.000000000000E+00  
0.000000000000E+00  1.0000000000000E+00 0.000000000000E+00  0.000000000000E+00  
0.000000000000E+00  0.000000000000E+00  1.0000000000000E+00 0.000000000000E+00  
0.000000000000E+00  0.000000000000E+00  0.000000000000E+00  1.0000000000000E+00 
HIEROBJ  EHIEROBJECT8                                       NONE                
CGTRIAD   HIEROBJECT7                                                           
9.9999422449394E-01 2.6744149127472E-03 2.0972562167332E-03 0.000000000000E+00  
-3.398673088744E-03 7.8689517844631E-01 6.1707732672590E-01 0.000000000000E+00  
0.000000000000E+00  -6.170808906803E-01 7.8689972319043E-01 0.000000000000E+00  
2.2293579670000E-01 5.7965901819000E-01 -5.682275879890E+00 1.0000000000000E+00 
HIEROBJ  EHIEROBJECT9                                       NONE                
BODYNCBF  WORLD                                   BODY5                         
1.0000000000000E+00 0.000000000000E+00  0.000000000000E+00  0.000000000000E+00  
0.000000000000E+00  1.0000000000000E+00 0.000000000000E+00  0.000000000000E+00  
0.000000000000E+00  0.000000000000E+00  1.0000000000000E+00 0.000000000000E+00  
0.000000000000E+00  0.000000000000E+00  0.000000000000E+00  1.0000000000000E+00 
HIEROBJ  EHIEROBJECT10                                      NONE                
CGTRIAD   HIEROBJECT9                                                           
1.0000000000000E+00 0.000000000000E+00  0.000000000000E+00  0.000000000000E+00  
0.000000000000E+00  1.0000000000000E+00 0.000000000000E+00  0.000000000000E+00  
0.000000000000E+00  0.000000000000E+00  1.0000000000000E+00 0.000000000000E+00  
0.000000000000E+00  0.000000000000E+00  0.000000000000E+00  1.0000000000000E+00 
HIEROBJ  EHIEROBJECT11                                      NONE                
JFCTRIAD  HIEROBJECT1                                                           
9.9999684983464E-01 2.4310982562684E-03 -6.245655017699E-04 0.000000000000E+00  
1.6018922511520E-03 -4.265528681728E-01 9.0446121232187E-01 0.000000000000E+00  
1.9324238699963E-03 -9.044593636061E-01 -4.265554188182E-01 0.000000000000E+00  
0.000000000000E+00  0.000000000000E+00  0.000000000000E+00  1.0000000000000E+00 
HIEROBJ  EHIEROBJECT12                                      NONE                
JFCTRIAD  HIEROBJECT1                                                           
9.9999684983464E-01 2.4310982562684E-03 -6.245655017699E-04 0.000000000000E+00  
1.6018922511520E-03 -4.265528681728E-01 9.0446121232187E-01 0.000000000000E+00  
1.9324238699963E-03 -9.044593636061E-01 -4.265554188182E-01 0.000000000000E+00  
-1.003876933200E-01 -1.214162947580E+00 -8.369143450400E-01 1.0000000000000E+00 
HIEROBJ  EHIEROBJECT13                                      NONE                
JFCTRIAD  HIEROBJECT1                                                           
2.2204460492503E-16 0.000000000000E+00  1.0000000000000E+00 0.000000000000E+00  
0.000000000000E+00  1.0000000000000E+00 0.000000000000E+00  0.000000000000E+00  
-1.000000000000E+00 0.000000000000E+00  2.2204460492503E-16 0.000000000000E+00  
-2.000000000000E-01 0.000000000000E+00  0.000000000000E+00  1.0000000000000E+00 
HIEROBJ  EHIEROBJECT14                                      NONE                
JFCTRIAD  HIEROBJECT1                                                           
2.2204460492503E-16 0.000000000000E+00  1.0000000000000E+00 0.000000000000E+00  
0.000000000000E+00  1.0000000000000E+00 0.000000000000E+00  0.000000000000E+00  
-1.000000000000E+00 0.000000000000E+00  2.2204460492503E-16 0.000000000000E+00  
-5.000000000000E-01 4.7334265418325E+00 1.6107989238499E+00 1.0000000000000E+00 
HIEROBJ  EHIEROBJECT15                                      NONE                
JFCTRIAD  HIEROBJECT3                                                           
1.0000000000000E+00 0.000000000000E+00  0.000000000000E+00  0.000000000000E+00  
0.000000000000E+00  9.8106768105671E-01 1.9366518836900E-01 0.000000000000E+00  
0.000000000000E+00  -1.936651883690E-01 9.8106768105671E-01 0.000000000000E+00  
0.000000000000E+00  0.000000000000E+00  0.000000000000E+00  1.0000000000000E+00 
HIEROBJ  EHIEROBJECT16                                      NONE                
JFCTRIAD  HIEROBJECT3                                                           
1.0000000000000E+00 0.000000000000E+00  0.000000000000E+00  0.000000000000E+00  
0.000000000000E+00  9.8106768105671E-01 1.9366518836901E-01 0.000000000000E+00  
0.000000000000E+00  -1.936651883690E-01 9.8106768105671E-01 0.000000000000E+00  
-3.000000000000E-01 5.5080872953000E+00 -2.313471800380E+00 1.0000000000000E+00 
HIEROBJ  EHIEROBJECT17                                      NONE                
JFCTRIAD  HIEROBJECT3                                                           
2.2204460492503E-16 0.000000000000E+00  1.0000000000000E+00 0.000000000000E+00  
0.000000000000E+00  1.0000000000000E+00 0.000000000000E+00  0.000000000000E+00  
-1.000000000000E+00 0.000000000000E+00  2.2204460492503E-16 0.000000000000E+00  
-5.000000000000E-01 4.7334265418325E+00 1.6107989238499E+00 1.0000000000000E+00 
HIEROBJ  EHIEROBJECT18                                      NONE                
JFCTRIAD  HIEROBJECT3                                                           
0.000000000000E+00  0.000000000000E+00  1.0000000000000E+00 0.000000000000E+00  
0.000000000000E+00  1.0000000000000E+00 0.000000000000E+00  0.000000000000E+00  
-1.000000000000E+00 0.000000000000E+00  0.000000000000E+00  0.000000000000E+00  
-5.000000000000E-01 6.2827480487761E+00 -6.237742524605E+00 1.0000000000000E+00 
HIEROBJ  EHIEROBJECT19                                      NONE                
JFCTRIAD  HIEROBJECT5                                                           
9.9901480820247E-01 1.0235001620089E-02 4.3181682852998E-02 0.000000000000E+00  
2.5645683493503E-12 9.7304105385234E-01 -2.306319741882E-01 0.000000000000E+00  
-4.437806881986E-02 2.3040475745905E-01 9.7208242178740E-01 0.000000000000E+00  
0.000000000000E+00  0.000000000000E+00  0.000000000000E+00  1.0000000000000E+00 
HIEROBJ  EHIEROBJECT20                                      NONE                
JFCTRIAD  HIEROBJECT5                                                           
9.9901480820247E-01 1.0235001620089E-02 4.3181682852998E-02 0.000000000000E+00  
2.5646221257780E-12 9.7304105385234E-01 -2.306319741882E-01 0.000000000000E+00  
-4.437806881986E-02 2.3040475745905E-01 9.7208242178740E-01 0.000000000000E+00  
-1.202395588100E-01 6.1347665572200E+00 -6.862079488300E+00 1.0000000000000E+00 
HIEROBJ  EHIEROBJECT21                                      NONE                
JFCTRIAD  HIEROBJECT5                                                           
0.000000000000E+00  0.000000000000E+00  1.0000000000000E+00 0.000000000000E+00  
0.000000000000E+00  1.0000000000000E+00 0.000000000000E+00  0.000000000000E+00  
-1.000000000000E+00 0.000000000000E+00  0.000000000000E+00  0.000000000000E+00  
-5.000000000000E-01 6.2827480487761E+00 -6.237742524605E+00 1.0000000000000E+00 
HIEROBJ  EHIEROBJECT22                                      NONE                
JFCTRIAD  HIEROBJECT5                                                           
0.000000000000E+00  0.000000000000E+00  1.0000000000000E+00 0.000000000000E+00  
0.000000000000E+00  1.0000000000000E+00 0.000000000000E+00  0.000000000000E+00  
-1.000000000000E+00 0.000000000000E+00  0.000000000000E+00  0.000000000000E+00  
-2.000000000000E-01 5.9598632849181E+00 -7.600000000000E+00 1.0000000000000E+00 
HIEROBJ  EHIEROBJECT23                                      NONE                
JFCTRIAD  HIEROBJECT7                                                           
9.9999422449394E-01 2.6744149127472E-03 2.0972562167332E-03 0.000000000000E+00  
-3.398673088744E-03 7.8689517844631E-01 6.1707732672590E-01 0.000000000000E+00  
0.000000000000E+00  -6.170808906803E-01 7.8689972319043E-01 0.000000000000E+00  
0.000000000000E+00  0.000000000000E+00  0.000000000000E+00  1.0000000000000E+00 
HIEROBJ  EHIEROBJECT24                                      NONE                
JFCTRIAD  HIEROBJECT7                                                           
9.9999422449394E-01 2.6744149127471E-03 2.0972562167332E-03 0.000000000000E+00  
-3.398673088744E-03 7.8689517844631E-01 6.1707732672590E-01 0.000000000000E+00  
0.000000000000E+00  -6.170808906803E-01 7.8689972319043E-01 0.000000000000E+00  
2.2293579670000E-01 5.7965901819000E-01 -5.682275879890E+00 1.0000000000000E+00 
HIEROBJ  EHIEROBJECT25                                      NONE                
JFCTRIAD  HIEROBJECT7                                                           
2.2204460492503E-16 0.000000000000E+00  1.0000000000000E+00 0.000000000000E+00  
0.000000000000E+00  1.0000000000000E+00 0.000000000000E+00  0.000000000000E+00  
-1.000000000000E+00 0.000000000000E+00  2.2204460492503E-16 0.000000000000E+00  
-2.000000000000E-01 0.000000000000E+00  0.000000000000E+00  1.0000000000000E+00 
HIEROBJ  EHIEROBJECT26                                      NONE                
JFCTRIAD  HIEROBJECT9                                                           
0.000000000000E+00  0.000000000000E+00  1.0000000000000E+00 0.000000000000E+00  
0.000000000000E+00  1.0000000000000E+00 0.000000000000E+00  0.000000000000E+00  
-1.000000000000E+00 0.000000000000E+00  0.000000000000E+00  0.000000000000E+00  
-2.000000000000E-01 5.9598632849181E+00 -7.600000000000E+00 1.0000000000000E+00 
HIEROBJ  EHIEROBJECT27                                      NONE                
JFCTRIAD  HIEROBJECT9                                                           
1.0000000000000E+00 0.000000000000E+00  0.000000000000E+00  0.000000000000E+00  
0.000000000000E+00  1.0000000000000E+00 0.000000000000E+00  0.000000000000E+00  
0.000000000000E+00  0.000000000000E+00  1.0000000000000E+00 0.000000000000E+00  
0.000000000000E+00  0.000000000000E+00  0.000000000000E+00  1.0000000000000E+00 
NAMEMAP   WORLD               5    5    UTF8 UTF8 ELEMENT                       
WORLD                                                                           
WORLD                                                                           
NAMEMAP   HIEROBJECT1         14   14   UTF8 UTF8 ELEMENT                       
B001/B001_NCBF                                                                  
B001/B001_NCBF                                                                  
NAMEMAP   HIEROBJECT2         12   12   UTF8 UTF8 ELEMENT                       
B001/B001_cm                                                                    
B001/B001_cm                                                                    
NAMEMAP   HIEROBJECT3         14   14   UTF8 UTF8 ELEMENT                       
B002/B002_NCBF                                                                  
B002/B002_NCBF                                                                  
NAMEMAP   HIEROBJECT4         12   12   UTF8 UTF8 ELEMENT                       
B002/B002_cm                                                                    
B002/B002_cm                                                                    
NAMEMAP   HIEROBJECT5         14   14   UTF8 UTF8 ELEMENT                       
B003/B003_NCBF                                                                  
B003/B003_NCBF                                                                  
NAMEMAP   HIEROBJECT6         12   12   UTF8 UTF8 ELEMENT                       
B003/B003_cm                                                                    
B003/B003_cm                                                                    
NAMEMAP   HIEROBJECT7         14   14   UTF8 UTF8 ELEMENT                       
B004/B004_NCBF                                                                  
B004/B004_NCBF                                                                  
NAMEMAP   HIEROBJECT8         12   12   UTF8 UTF8 ELEMENT                       
B004/B004_cm                                                                    
B004/B004_cm                                                                    
NAMEMAP   HIEROBJECT9         26   26   UTF8 UTF8 ELEMENT                       
the_ground/the_ground_NCBF                                                      
the_ground/the_ground_NCBF                                                      
NAMEMAP   HIEROBJECT10        13   13   UTF8 UTF8 ELEMENT                       
the_ground_cm                                                                   
the_ground_cm                                                                   
NAMEMAP   HIEROBJECT11        13   13   UTF8 UTF8 ELEMENT                       
B001/B001_coi                                                                   
B001/B001_coi                                                                   
NAMEMAP   HIEROBJECT12        13   13   UTF8 UTF8 ELEMENT                       
B001/B001_com                                                                   
B001/B001_com                                                                   
NAMEMAP   HIEROBJECT13        4    11   UTF8 UTF8 ELEMENT                       
3/60                                                                            
B001/J001_i                                                                     
NAMEMAP   HIEROBJECT14        4    11   UTF8 UTF8 ELEMENT                       
3/85                                                                            
B001/J002_j                                                                     
NAMEMAP   HIEROBJECT15        13   13   UTF8 UTF8 ELEMENT                       
B002/B002_coi                                                                   
B002/B002_coi                                                                   
NAMEMAP   HIEROBJECT16        13   13   UTF8 UTF8 ELEMENT                       
B002/B002_com                                                                   
B002/B002_com                                                                   
NAMEMAP   HIEROBJECT17        5    11   UTF8 UTF8 ELEMENT                       
15/84                                                                           
B002/J002_i                                                                     
NAMEMAP   HIEROBJECT18        6    11   UTF8 UTF8 ELEMENT                       
15/102                                                                          
B002/J003_i                                                                     
NAMEMAP   HIEROBJECT19        13   13   UTF8 UTF8 ELEMENT                       
B003/B003_coi                                                                   
B003/B003_coi                                                                   
NAMEMAP   HIEROBJECT20        13   13   UTF8 UTF8 ELEMENT                       
B003/B003_com                                                                   
B003/B003_com                                                                   
NAMEMAP   HIEROBJECT21        6    11   UTF8 UTF8 ELEMENT                       
27/103                                                                          
B003/J003_j                                                                     
NAMEMAP   HIEROBJECT22        6    11   UTF8 UTF8 ELEMENT                       
27/126                                                                          
B003/J004_i                                                                     
NAMEMAP   HIEROBJECT23        13   13   UTF8 UTF8 ELEMENT                       
B004/B004_coi                                                                   
B004/B004_coi                                                                   
NAMEMAP   HIEROBJECT24        13   13   UTF8 UTF8 ELEMENT                       
B004/B004_com                                                                   
B004/B004_com                                                                   
NAMEMAP   HIEROBJECT25        5    11   UTF8 UTF8 ELEMENT                       
39/61                                                                           
B004/J001_j                                                                     
NAMEMAP   HIEROBJECT26        5    17   UTF8 UTF8 ELEMENT                       
2/127                                                                           
the_ground/J004_j                                                               
NAMEMAP   HIEROBJECT27        1    14   UTF8 UTF8 ELEMENT                       
1                                                                               
the_ground/gnd                                                                  
NAMEMAP   CURRENT_DIRECTORY   98   0    UTF8 UTF8 FILE                          
C:\Users\springnuance\Desktop\Machine-Design\Assignment 3 Finite Element Methods
 (FEM)\Updated_MBS                                                              
SYSTEM   GMETER               DYNAMIC             SPARSE    FULL_NCBF      TRUE 
9.8066500000000E+00 0.000000000000E+00  -7.868997231914E-01 -6.170808906791E-01 
1.0000000000000E+00 0.000000000000E+00  1.2000000000000E+01 1.0000000000000E-02 
1.0000000000000E-09 1.0000000000000E-03 NULL_FALSEBINARY_ONLFALSEKILOGNEWTO    1
NONE                NONE                    1NONE                TRUE ITERAFALSE
NONE                NONE                                                        
NONE                                                                            
HEADER                                                                          
SET_IASIZE =    5000000;                                                        
SET_DASIZE =    5000000;                                                        
SDK_BUILD_INFO = RC2007P1400_rc1 2021-09-29                                     
END                                                                             
DYNAMIC  ETRUE      INTERPOLATED        GLOBAL    BDF           1     HARWELL   
5.0000000000000E-02 1.0000000000000E-03 1.0000000000000E-03 1.0000000000000E-03 
NONE                QR       1TRUE                                              
PRELOAD  F          0.000000000000E+00      0                                   
NONE                                                                            
NONE                                                                            
NCBF     EBODY1_REF           BODY1               PARAMETERSPOSITIVE            
HIEROBJECT1                                                                     
0.000000000000E+00  0.000000000000E+00  0.000000000000E+00                      
BODY     EBODY1               POSITIVE  PARAMETERSFALSEFALSEFALSEFALSE          
NONE                NONE                NONE                                    
NONE                NONE                NONE                                    
HIEROBJECT2                                                                     
0.000000000000E+00  0.000000000000E+00  0.000000000000E+00                      
1.1604732780287E+04 6.7787496177209E+04 6.0672831782687E+04 7.3581615761060E+03 
0.000000000000E+00  0.000000000000E+00  0.000000000000E+00                      
0.000000000000E+00  0.000000000000E+00  0.000000000000E+00  FALSE               
0.000000000000E+00  0.000000000000E+00  0.000000000000E+00                      
NCBF     EBODY2_REF           BODY2               PARAMETERSPOSITIVE            
HIEROBJECT3                                                                     
0.000000000000E+00  0.000000000000E+00  0.000000000000E+00                      
BODY     EBODY2               POSITIVE  PARAMETERSFALSEFALSEFALSEFALSE          
NONE                NONE                NONE                                    
NONE                NONE                NONE                                    
HIEROBJECT4                                                                     
0.000000000000E+00  0.000000000000E+00  0.000000000000E+00                      
2.8848929595109E+03 1.9143415825548E+04 1.9095958386101E+04 6.4482854695220E+01 
0.000000000000E+00  0.000000000000E+00  0.000000000000E+00                      
0.000000000000E+00  0.000000000000E+00  0.000000000000E+00  FALSE               
0.000000000000E+00  0.000000000000E+00  0.000000000000E+00                      
NCBF     EBODY3_REF           BODY3               PARAMETERSPOSITIVE            
HIEROBJECT5                                                                     
0.000000000000E+00  0.000000000000E+00  0.000000000000E+00                      
BODY     EBODY3               POSITIVE  PARAMETERSFALSEFALSEFALSEFALSE          
NONE                NONE                NONE                                    
NONE                NONE                NONE                                    
HIEROBJECT6                                                                     
0.000000000000E+00  0.000000000000E+00  0.000000000000E+00                      
9.4096908425043E+02 2.9587192448222E+02 2.9015649456957E+02 2.0243530314270E+01 
0.000000000000E+00  0.000000000000E+00  0.000000000000E+00                      
0.000000000000E+00  0.000000000000E+00  0.000000000000E+00  FALSE               
0.000000000000E+00  0.000000000000E+00  0.000000000000E+00                      
NCBF     EBODY4_REF           BODY4               PARAMETERSPOSITIVE            
HIEROBJECT7                                                                     
0.000000000000E+00  0.000000000000E+00  0.000000000000E+00                      
BODY     EBODY4               POSITIVE  PARAMETERSFALSEFALSEFALSEFALSE          
NONE                NONE                NONE                                    
NONE                NONE                NONE                                    
HIEROBJECT8                                                                     
0.000000000000E+00  0.000000000000E+00  0.000000000000E+00                      
1.1438257115387E+04 1.9416228469186E+05 1.7297152058237E+05 2.1279811636685E+04 
0.000000000000E+00  0.000000000000E+00  0.000000000000E+00                      
0.000000000000E+00  0.000000000000E+00  0.000000000000E+00  FALSE               
0.000000000000E+00  0.000000000000E+00  0.000000000000E+00                      
NCBF     EBODY5_REF           BODY5               PARAMETERSPOSITIVE            
HIEROBJECT9                                                                     
0.000000000000E+00  0.000000000000E+00  0.000000000000E+00                      
BODY     EBODY5               POSITIVE  PARAMETERSTRUE FALSEFALSEFALSE          
NONE                NONE                NONE                                    
NONE                NONE                NONE                                    
HIEROBJECT10                                                                    
0.000000000000E+00  0.000000000000E+00  0.000000000000E+00                      
1.0000000000000E+00 1.0000000000000E+00 1.0000000000000E+00 1.0000000000000E+00 
0.000000000000E+00  0.000000000000E+00  0.000000000000E+00                      
0.000000000000E+00  0.000000000000E+00  0.000000000000E+00  FALSE               
0.000000000000E+00  0.000000000000E+00  0.000000000000E+00                      
REVOLUTE EREVOLUTE_JOINT1     BODY4               BODY1                         
HIEROBJECT25                                                                    
HIEROBJECT13                                                                    
0.000000000000E+00  0.000000000000E+00  1.0000000000000E+00                     
0.000000000000E+00  0.000000000000E+00  1.0000000000000E+00                     
1.0000000000000E+00 0.000000000000E+00  0.000000000000E+00                      
1.0000000000000E+00 0.000000000000E+00  0.000000000000E+00                      
SPHERICALESPHERICAL_JOINT1    BODY1               BODY2                         
HIEROBJECT14                                                                    
HIEROBJECT17                                                                    
0.000000000000E+00  0.000000000000E+00  1.0000000000000E+00                     
0.000000000000E+00  0.000000000000E+00  1.0000000000000E+00                     
1.0000000000000E+00 0.000000000000E+00  0.000000000000E+00                      
1.0000000000000E+00 0.000000000000E+00  0.000000000000E+00                      
CYLIN    ECYLINDRICAL_JNT1    BODY3               BODY2                         
HIEROBJECT21                                                                    
HIEROBJECT18                                                                    
0.000000000000E+00  0.000000000000E+00  1.0000000000000E+00                     
0.000000000000E+00  0.000000000000E+00  1.0000000000000E+00                     
1.0000000000000E+00 0.000000000000E+00  0.000000000000E+00                      
1.0000000000000E+00 0.000000000000E+00  0.000000000000E+00                      
REVOLUTE EREVOLUTE_JOINT2     BODY5               BODY3                         
HIEROBJECT26                                                                    
HIEROBJECT22                                                                    
0.000000000000E+00  0.000000000000E+00  1.0000000000000E+00                     
0.000000000000E+00  0.000000000000E+00  1.0000000000000E+00                     
1.0000000000000E+00 0.000000000000E+00  0.000000000000E+00                      
1.0000000000000E+00 0.000000000000E+00  0.000000000000E+00                      
DRIVER   GDRIVER_JOINT1       NONE                NONE                POSIT     
REL.ANGLE POLYNOMIAL          NONE                REVOLUTE_JOINT2               
0.000000000000E+00  0.000000000000E+00  0.000000000000E+00  NONE                
0.000000000000E+00  0.000000000000E+00  0.000000000000E+00  NONE                
0.000000000000E+00  0.000000000000E+00  1.0000000000000E+00                     
0.000000000000E+00  0.000000000000E+00  1.0000000000000E+00 0.000000000000E+00  
1.0000000000000E+00 0.000000000000E+00  0.000000000000E+00                      
1.0000000000000E+00 0.000000000000E+00  0.000000000000E+00                      
0.000000000000E+00  1.0471975511966E+00 0.000000000000E+00  0.000000000000E+00  
NONE                                                        ACTIV               
UNUSED                                                                          
UNUSED                                                                          
UNUSED                                                                          
UNUSED                                                                          
UNUSED                                                                          
UNUSED                                                                          
UNUSED                                                                          
NAMEMAP   SYSTEM_DATA1        11   11   UTF8 UTF8 ELEMENT                       
Mandatory:1                                                                     
Mandatory:1                                                                     
NAMEMAP   DYNAMIC_DATA1       11   11   UTF8 UTF8 ELEMENT                       
Mandatory:2                                                                     
Mandatory:2                                                                     
NAMEMAP   PRELOAD_DATA1       11   11   UTF8 UTF8 ELEMENT                       
Mandatory:5                                                                     
Mandatory:5                                                                     
NAMEMAP   BODY1               4    4    UTF8 UTF8 ELEMENT                       
B001                                                                            
B001                                                                            
NAMEMAP   BODY1_REF           8    8    UTF8 UTF8 ELEMENT                       
B001_REF                                                                        
B001_REF                                                                        
NAMEMAP   BODY2               4    4    UTF8 UTF8 ELEMENT                       
B002                                                                            
B002                                                                            
NAMEMAP   BODY2_REF           8    8    UTF8 UTF8 ELEMENT                       
B002_REF                                                                        
B002_REF                                                                        
NAMEMAP   BODY3               4    4    UTF8 UTF8 ELEMENT                       
B003                                                                            
B003                                                                            
NAMEMAP   BODY3_REF           8    8    UTF8 UTF8 ELEMENT                       
B003_REF                                                                        
B003_REF                                                                        
NAMEMAP   BODY4               4    4    UTF8 UTF8 ELEMENT                       
B004                                                                            
B004                                                                            
NAMEMAP   BODY4_REF           8    8    UTF8 UTF8 ELEMENT                       
B004_REF                                                                        
B004_REF                                                                        
NAMEMAP   BODY5               10   10   UTF8 UTF8 ELEMENT                       
the_ground                                                                      
the_ground                                                                      
NAMEMAP   BODY5_REF           14   14   UTF8 UTF8 ELEMENT                       
the_ground_REF                                                                  
the_ground_REF                                                                  
NAMEMAP   REVOLUTE_JOINT1     4    4    UTF8 UTF8 ELEMENT                       
J001                                                                            
J001                                                                            
NAMEMAP   SPHERICAL_JOINT1    4    4    UTF8 UTF8 ELEMENT                       
J002                                                                            
J002                                                                            
NAMEMAP   CYLINDRICAL_JNT1    4    4    UTF8 UTF8 ELEMENT                       
J003                                                                            
J003                                                                            
NAMEMAP   REVOLUTE_JOINT2     4    4    UTF8 UTF8 ELEMENT                       
J004                                                                            
J004                                                                            
NAMEMAP   DRIVER_JOINT1       9    9    UTF8 UTF8 ELEMENT                       
Drv001_RZ                                                                       
Drv001_RZ                                                                       
